<?xml version="1.0"?>
<opencv_storage>
<defaultDistortion type_id="opencv-matrix">
  <rows>5</rows>
  <cols>1</cols>
  <dt>f</dt>
  <data>
    3.21866131e+000 -1.14845573e+002 -1.33294577e-003 -2.79829698e-003
    1.55437576e+002</data></defaultDistortion>
</opencv_storage>
